#       Bin                          Vals                           PMF                 RhoNormalized
         0             1.505833333333333             2.377849734091361         8.982985644781181e-03
         1             1.517500000000000             2.072745584234937         1.015179929899641e-02
         2             1.529166666666667             2.074913985142124         1.014297788037543e-02
         3             1.540833333333333             1.682101869941116         1.187295473260902e-02
         4             1.552500000000000             1.814949469561839         1.125714967171579e-02
         5             1.564166666666667             1.484551221810426         1.285152797221071e-02
         6             1.575833333333333             1.401504722225858         1.328660929740949e-02
         7             1.587500000000000             1.379211524568307         1.340589086042211e-02
         8             1.599166666666667             1.168889985693444         1.458529439721901e-02
         9             1.610833333333333             1.025092839047145         1.545083730785214e-02
        10             1.622500000000000             0.892090243797003         1.629706425288249e-02
        11             1.634166666666667             0.869093784690224         1.644800915643196e-02
        12             1.645833333333333             0.618244067640688         1.818818255456350e-02
        13             1.657500000000000             0.570477237708102         1.853984447142679e-02
        14             1.669166666666667             0.501549815608571         1.905931041017086e-02
        15             1.680833333333333             0.416789552620129         1.971809564040965e-02
        16             1.692500000000000             0.428133416442569         1.962862441555245e-02
        17             1.704166666666667             0.256709695974308         2.102503876744108e-02
        18             1.715833333333333             0.224535483560819         2.129799517110981e-02
        19             1.727500000000000             0.267469317545025         2.093454013090220e-02
        20             1.739166666666667             0.140974454630094         2.202356946969894e-02
        21             1.750833333333333             0.183263094184327         2.165333254524816e-02
        22             1.762500000000000             0.105806117909070         2.233628491943231e-02
        23             1.774166666666667             0.156635402581874         2.188572553056318e-02
        24             1.785833333333333            -0.000000000000000         2.330413909759182e-02
        25             1.797500000000000             0.038245833806502         2.294954091274551e-02
        26             1.809166666666667             0.006136222102883         2.324687998195027e-02
        27             1.820833333333333             0.118214093187437         2.222544997542932e-02
        28             1.832500000000000             0.080861752244693         2.256077717305875e-02
        29             1.844166666666667             0.111455129898055         2.228575642747646e-02
        30             1.855833333333333             0.160804167760755         2.184917866778108e-02
        31             1.867500000000000             0.147394678427425         2.196695549277160e-02
        32             1.879166666666667             0.269748112866792         2.091542334114557e-02
        33             1.890833333333333             0.360216578438569         2.017042303902323e-02
        34             1.902500000000000             0.304519639037662         2.062588142463308e-02
        35             1.914166666666667             0.443032784038171         1.951172674600170e-02
        36             1.925833333333333             0.442033168661462         1.951954770926760e-02
        37             1.937500000000000             0.576625109636288         1.849420502310272e-02
        38             1.949166666666667             0.550454001715487         1.868927153066688e-02
        39             1.960833333333333             0.665158422999675         1.784929012417141e-02
        40             1.972500000000000             0.883646236787076         1.635232768580174e-02
        41             1.984166666666667             0.999399898064629         1.561081118545356e-02
        42             1.995833333333333             1.224204162775604         1.426541246678550e-02
        43             2.007500000000000             1.120674713238884         1.486996892178230e-02
        44             2.019166666666667             1.232308635463623         1.421913726392104e-02
        45             2.030833333333333             1.214887652389414         1.431879430244508e-02
        46             2.042500000000000             1.518354249857806         1.267854015270302e-02
        47             2.054166666666667             1.625914145191069         1.214344117910563e-02
        48             2.065833333333333             1.596899961745487         1.228551858587819e-02
        49             2.077500000000000             1.975215145667009         1.055660448405342e-02
        50             2.089166666666667             2.193629375180862         9.671541398836458e-03
        51             2.100833333333333             2.200039722487215         9.646717848120609e-03
        52             2.112500000000000             2.389815683807144         8.939995275596587e-03
        53             2.124166666666667             2.690095451487575         7.926016187729798e-03
        54             2.135833333333333             2.780800706923661         7.642968584611606e-03
        55             2.147500000000000             2.808837369156468         7.557541714126342e-03
        56             2.159166666666667             3.129679925743605         6.645351978002055e-03
        57             2.170833333333333             3.274154622974058         6.271381189142324e-03
        58             2.182500000000000             3.435115367128607         5.879467436691467e-03
        59             2.194166666666667             3.714299060236917         5.256888146981006e-03
        60             2.205833333333333             3.938803134926669         4.804407823510147e-03
        61             2.217500000000000             4.277726458570555         4.194007679679865e-03
        62             2.229166666666667             4.412232905021031         3.973836774569573e-03
        63             2.240833333333333             4.621693145229946         3.653763784465742e-03
        64             2.252500000000000             4.765311056627207         3.449330859410298e-03
        65             2.264166666666667             5.155728489317611         2.949568342548192e-03
        66             2.275833333333333             5.230992040512083         2.861898124822472e-03
        67             2.287500000000000             5.605133672871967         2.463267591744783e-03
        68             2.299166666666667             5.730413682548494         2.342603728828657e-03
        69             2.310833333333333             5.971922035999471         2.126421276048374e-03
        70             2.322500000000000             6.329465334008986         1.842454206412076e-03
        71             2.334166666666667             6.550105938224024         1.686477332580333e-03
        72             2.345833333333333             6.658693645251498         1.614633939331780e-03
        73             2.357500000000000             7.103760133745053         1.350773792449842e-03
        74             2.369166666666667             7.319270610760828         1.238966742939697e-03
        75             2.380833333333333             7.607368099219913         1.103820350373568e-03
        76             2.392500000000000             7.776489735246223         1.031459730238257e-03
        77             2.404166666666667             8.090898459996031         9.093057152002375e-04
        78             2.415833333333333             8.575911821495369         7.486231218784039e-04
        79             2.427500000000000             8.736065201340263         7.020670628665712e-04
        80             2.439166666666667             8.937671916394747         6.475546625053754e-04
        81             2.450833333333333             9.276845606593313         5.652260883244734e-04
        82             2.462500000000000             9.744534291170851         4.685888496097363e-04
        83             2.474166666666667             9.971934277223165         4.277587145079945e-04
        84             2.485833333333333            10.367378590372135         3.650456981473568e-04
        85             2.497500000000000            10.471180455317216         3.501660816867810e-04
        86             2.509166666666667            10.950976748836203         2.888921538828173e-04
        87             2.520833333333333            11.259086881171480         2.553230663258551e-04
        88             2.532500000000000            11.524934779236944         2.295105858469518e-04
        89             2.544166666666667            11.853346604208859         2.011973500102459e-04
        90             2.555833333333333            12.306342777779327         1.677838483151302e-04
        91             2.567500000000000            12.590647580869479         1.497094625228937e-04
        92             2.579166666666667            12.978237157181458         1.281637554702285e-04
        93             2.590833333333333            13.564769375806307         1.013077993017523e-04
        94             2.602500000000000            13.679583558760421         9.675030557359418e-05
        95             2.614166666666667            14.122698186628793         8.100293158233306e-05
        96             2.625833333333333            14.537499683601515         6.859284024244168e-05
        97             2.637500000000000            14.754199389766774         6.288524395671871e-05
        98             2.649166666666667            15.135357611035843         5.397398700265578e-05
        99             2.660833333333333            15.587302165641513         4.502933099202009e-05
       100             2.672500000000000            15.825402528916370         4.092977390543236e-05
       101             2.684166666666667            16.380170239519914         3.276782282692518e-05
       102             2.695833333333333            16.679472898205316         2.906266118828909e-05
       103             2.707500000000000            17.139271049037119         2.417012895317462e-05
       104             2.719166666666667            17.481846034838319         2.106844704049131e-05
       105             2.730833333333333            17.924675353027582         1.764130027030159e-05
       106             2.742500000000000            18.289118841606309         1.524321513269672e-05
       107             2.754166666666667            18.625832545582490         1.331835713288401e-05
       108             2.765833333333333            19.001268040299868         1.145731364869121e-05
       109             2.777500000000000            19.354362396161760         9.945000521766944e-06
       110             2.789166666666667            19.702544906371712         8.649321291427607e-06
       111             2.800833333333333            20.182436696516965         7.135543747958530e-06
       112             2.812500000000000            20.421660501437002         6.482989517422558e-06
       113             2.824166666666667            20.862413302735504         5.432940306132936e-06
       114             2.835833333333333            21.335603578821330         4.494142005247725e-06
       115             2.847500000000000            21.816813934945078         3.705631726735812e-06
       116             2.859166666666667            22.273153468377617         3.086086051622063e-06
       117             2.870833333333333            22.654911903675532         2.648129852863888e-06
       118             2.882500000000000            23.081948567611510         2.231449364126352e-06
       119             2.894166666666667            23.394200165433178         1.968884598674564e-06
       120             2.905833333333333            23.914529625314029         1.598176050753926e-06
       121             2.917500000000000            24.372184831151708         1.330274663198551e-06
       122             2.929166666666667            24.781445653343042         1.128974330027882e-06
       123             2.940833333333333            25.276990786484715         9.255580756603610e-07
       124             2.952500000000000            25.635846791475406         8.015350344399622e-07
       125             2.964166666666667            26.038068582568769         6.821672064821972e-07
       126             2.975833333333333            26.394592600347206         5.913106490322427e-07
       127             2.987500000000000            26.966407697411993         4.701709427984355e-07
       128             2.999166666666667            27.489916505843205         3.811593513355352e-07
       129             3.010833333333333            27.830473252268620         3.325152258549006e-07
       130             3.022500000000000            28.374274875017454         2.673801150992485e-07
       131             3.034166666666667            28.682965083130404         2.362557636831141e-07
       132             3.045833333333333            29.174023216808129         1.940364231588006e-07
       133             3.057500000000000            29.524472874156702         1.686031725166646e-07
       134             3.069166666666667            30.102847293758376         1.337099634970094e-07
       135             3.080833333333333            30.616946430930805         1.088060141422667e-07
       136             3.092500000000000            31.081085447759483         9.033180587509007e-08
       137             3.104166666666667            31.544983068019479         7.500159753093830e-08
       138             3.115833333333333            31.842385845566084         6.657161584035720e-08
       139             3.127500000000000            32.477163192232233         5.161390231396237e-08
       140             3.139166666666667            32.824902130985370         4.489739529660516e-08
       141             3.150833333333333            33.247227775723372         3.790435848234301e-08
       142             3.162500000000000            33.768237809493112         3.075919824535052e-08
       143             3.174166666666667            34.314175502758447         2.471272662447050e-08
       144             3.185833333333333            34.722553910087904         2.098055883901571e-08
       145             3.197500000000000            35.170633660264438         1.753076853028719e-08
       146             3.209166666666667            35.695776086552514         1.420258236226305e-08
       147             3.220833333333333            36.136773714275617         1.190102323677269e-08
       148             3.232500000000000            36.496983163744395         1.030071775456746e-08
       149             3.244166666666667            37.148670817478362         7.932330410809910e-09
       150             3.255833333333333            37.588263808979606         6.650623256572521e-09
       151             3.267500000000000            38.182712280222676         5.240366819428221e-09
       152             3.279166666666667            38.591825551736015         4.447645109455526e-09
       153             3.290833333333333            39.033266183409359         3.726232768268570e-09
       154             3.302500000000000            39.563428674482979         3.012744398969982e-09
       155             3.314166666666667            39.947301972775986         2.583005376170285e-09
       156             3.325833333333333            40.454387174860804         2.107830342177511e-09
       157             3.337500000000000            40.895788688781291         1.765965915463714e-09
       158             3.349166666666667            41.420610804972162         1.430884067341164e-09
       159             3.360833333333333            41.938464331042641         1.162625634575575e-09
       160             3.372500000000000            42.385022701287967         9.720501881631038e-10
       161             3.384166666666667            42.902993395434482         7.897756412213475e-10
       162             3.395833333333333            43.409412923307868         6.446588936350809e-10
       163             3.407500000000000            43.869854370656029         5.359960156491491e-10
       164             3.419166666666667            44.355217440138274         4.412187793374440e-10
       165             3.430833333333333            44.891516503969741         3.558589101838967e-10
       166             3.442500000000000            45.399626089088339         2.902751303259383e-10
       167             3.454166666666667            45.879295928187670         2.394933816718805e-10
       168             3.465833333333333            46.306554937656618         2.017913576958155e-10
       169             3.477500000000000            46.848341383424969         1.623943811291861e-10
       170             3.489166666666667            47.258225628508369         1.377860343810387e-10
       171             3.500833333333333            47.638545976023588         1.183005693854588e-10
       172             3.512500000000000            48.133908928940406         9.699250186611562e-11
       173             3.524166666666667            48.697410654520409         7.737946193704615e-11
       174             3.535833333333333            49.105043831901260         6.571308343845714e-11
       175             3.547500000000000            49.552524433927414         5.492120641563732e-11
       176             3.559166666666667            50.036372819119628         4.523725257684617e-11
       177             3.570833333333333            50.560971697277955         3.665702536335937e-11
       178             3.582500000000000            50.923351663804269         3.170023567962440e-11
       179             3.594166666666667            51.374658804640648         2.645358078884554e-11
       180             3.605833333333333            51.850507517586196         2.185915948920371e-11
       181             3.617500000000000            52.281638898240781         1.838943043296857e-11
       182             3.629166666666667            52.725041156518953         1.539453550914539e-11
       183             3.640833333333333            53.188719831221677         1.278305131079613e-11
       184             3.652500000000000            53.628665462223830         1.071604883706070e-11
       185             3.664166666666667            54.023912657804355         9.145708892049529e-12
       186             3.675833333333333            54.475203102048904         7.632068448092370e-12
       187             3.687500000000000            54.907591401061971         6.417387019117516e-12
       188             3.699166666666667            55.221286164974036         5.659006389498633e-12
       189             3.710833333333333            55.610739096297965         4.840962574999996e-12
       190             3.722500000000000            56.070902984639000         4.025424026022962e-12
       191             3.734166666666667            56.328760824153724         3.630073931513226e-12
       192             3.745833333333333            56.753179962468113         3.062097197803800e-12
       193             3.757500000000000            56.992902055120784         2.781508941571958e-12
       194             3.769166666666667            57.296127187143537         2.463118479759330e-12
       195             3.780833333333333            57.605706900159079         2.175623471212843e-12
       196             3.792500000000000            57.808171706523825         2.006005721214844e-12
       197             3.804166666666667            57.958067608238194         1.889006622129767e-12
       198             3.815833333333333            58.144586147915833         1.752904879169129e-12
       199             3.827500000000000            58.392257242726017         1.587215225808604e-12
       200             3.839166666666667            58.536328451732009         1.498136148937579e-12
       201             3.850833333333333            58.664209305196507         1.423264713670669e-12
       202             3.862500000000000            58.677460978415286         1.415723385156254e-12
       203             3.874166666666667            58.783151369489112         1.356989328272290e-12
       204             3.885833333333333            58.918612558722302         1.285260034146036e-12
       205             3.897500000000000            58.923738566936484         1.282621463572762e-12
       206             3.909166666666667            59.039601812607608         1.224405615479334e-12
       207             3.920833333333333            59.076530036217365         1.206412040485306e-12
       208             3.932500000000000            59.147070875185882         1.172772168284292e-12
       209             3.944166666666667            59.173446699248845         1.160436288624850e-12
       210             3.955833333333333            59.318427935049990         1.094909735033770e-12
       211             3.967500000000000            59.332234887514648         1.088865806645406e-12
       212             3.979166666666667            59.407229315741419         1.056615371023651e-12
       213             3.990833333333333            59.381612334686146         1.067522777054486e-12
       214             4.002500000000000            59.423262010424298         1.049845614671047e-12
       215             4.014166666666667            59.413379124263236         1.054013487580522e-12
       216             4.025833333333333            59.503849907028776         1.016468939525373e-12
       217             4.037500000000000            59.429588198070089         1.047186350519755e-12
       218             4.049166666666667            59.467233515088408         1.031500560808257e-12
       219             4.060833333333333            59.570942874166400         9.894922941721821e-13
       220             4.072500000000000            59.501804362752002         1.017302861989963e-12
       221             4.084166666666667            59.502096870740969         1.017183571143224e-12
       222             4.095833333333333            59.507096068017898         1.015146955562693e-12
       223             4.107500000000000            59.439439025258104         1.043058880107841e-12
       224             4.119166666666667            59.429633352491176         1.047167393725009e-12
       225             4.130833333333333            59.570389535751996         9.897118252437766e-13
       226             4.142500000000000            59.602162559884290         9.771847755066041e-13
       227             4.154166666666667            59.379868642679093         1.068269300276618e-12
       228             4.165833333333333            59.386259689632514         1.065535661772767e-12
       229             4.177500000000000            59.539537003711166         1.002029616111404e-12
       230             4.189166666666667            59.489495446672881         1.022335395442609e-12
       231             4.200833333333333            59.424682617153073         1.049247863787636e-12
       232             4.212500000000000            59.475142094783460         1.028235252123798e-12
       233             4.224166666666667            59.502887373083891         1.016861257811325e-12
       234             4.235833333333333            59.331130871636151         1.089347854752420e-12
       235             4.247500000000000            59.310292839622215         1.098486529276923e-12
       236             4.259166666666667            59.544777156591111         9.999267433502437e-13
       237             4.270833333333333            59.505723021821888         1.015705912293932e-12
       238             4.282500000000000            59.427182497803145         1.048196811445292e-12
       239             4.294166666666667            59.480518534467674         1.026021322114784e-12
       240             4.305833333333333            59.506741590339019         1.015291231284865e-12
       241             4.317500000000000            59.374279993844051         1.070665476602603e-12
       242             4.329166666666667            59.303778669179563         1.101359066478002e-12
       243             4.340833333333333            59.498339058712724         1.018717150160887e-12
       244             4.352500000000000            59.456563347994516         1.035922517754513e-12
       245             4.364166666666667            59.261149136317504         1.120343626472581e-12
       246             4.375833333333333            59.409774560435681         1.055537741472490e-12
       247             4.387500000000000            59.427194960582628         1.048191574220111e-12
       248             4.399166666666667            59.381612768717926         1.067522591298324e-12
       249             4.410833333333333            59.500495178887932         1.017836945875843e-12
       250             4.422500000000000            59.434431134702406         1.045155135927050e-12
       251             4.434166666666667            59.517672569889276         1.010851639447865e-12
       252             4.445833333333333            59.504411139113262         1.016240257340610e-12
       253             4.457500000000000            59.476109342278675         1.027836603298956e-12
       254             4.469166666666667            59.553800418384475         9.963160464233230e-13
       255             4.480833333333333            59.415100716006074         1.053286258796228e-12
       256             4.492500000000000            59.393570577671915         1.062417157034273e-12
       257             4.504166666666667            59.530147208895442         1.005808807985069e-12
       258             4.515833333333333            59.566213079979688         9.913703611178007e-13
       259             4.527500000000000            59.224054193185236         1.137129497645494e-12
       260             4.539166666666667            59.489616296716700         1.022285864764242e-12
       261             4.550833333333333            59.431389078942223         1.046430568114508e-12
       262             4.562500000000000            59.534630649926549         1.004002543962676e-12
       263             4.574166666666667            59.503290390703219         1.016696973823250e-12
       264             4.585833333333333            59.602716456472444         9.769678044768252e-13
       265             4.597500000000000            59.407312817436914         1.056579999844645e-12
       266             4.609166666666667            59.305395649499771         1.100645330658882e-12
       267             4.620833333333333            59.504661263846541         1.016138356950606e-12
       268             4.632500000000000            59.515052986100077         1.011913805389949e-12
       269             4.644166666666667            59.346847751994331         1.082505430693500e-12
       270             4.655833333333333            59.475747556645352         1.027985694316850e-12
       271             4.667500000000000            59.608299276341490         9.747836038510481e-13
       272             4.679166666666667            59.398622752749592         1.060267454804909e-12
       273             4.690833333333333            59.440796771746231         1.042491265053207e-12
       274             4.702500000000000            59.376871527237337         1.069553669083896e-12
       275             4.714166666666667            59.426505037293005         1.048481539581133e-12
       276             4.725833333333333            59.420275722240110         1.051103270308884e-12
       277             4.737500000000000            59.390700237475240         1.063640428766940e-12
       278             4.749166666666667            59.438108124388028         1.043615572119252e-12
       279             4.760833333333333            59.473566737600846         1.028884862966951e-12
       280             4.772500000000000            59.460717300936306         1.034198777370407e-12
       281             4.784166666666667            59.555415856842023         9.956709992093498e-13
       282             4.795833333333333            59.535879873072296         1.003499841891078e-12
       283             4.807500000000000            59.305259147237775         1.100705564937621e-12
       284             4.819166666666667            59.304762850380674         1.100924593362896e-12
       285             4.830833333333333            59.323316003956403         1.092766179410666e-12
       286             4.842500000000000            59.495375195488672         1.019928346112729e-12
       287             4.854166666666667            59.211951403503653         1.142660375226671e-12
       288             4.865833333333333            59.552460836215686         9.968512607057299e-13
       289             4.877500000000000            59.307221760424233         1.099839840621846e-12
       290             4.889166666666667            59.442666396258488         1.041710161427956e-12
       291             4.900833333333333            59.376157858622677         1.069859728607438e-12
       292             4.912500000000000            59.491926349011584         1.021339545532616e-12
       293             4.924166666666667            59.478890184105289         1.026691346476926e-12
       294             4.935833333333333            59.289404306677692         1.107724296281282e-12
       295             4.947500000000000            59.494722693792572         1.020195187198806e-12
       296             4.959166666666667            59.396696421316205         1.061086595946584e-12
       297             4.970833333333333            59.394117230811830         1.062184345806484e-12
       298             4.982500000000000            59.594712959043886         9.801076016064290e-13
       299             4.994166666666667            59.374233420153634         1.070685467997269e-12
