#       Bin                          Vals                           PMF                 RhoNormalized
         0             1.505833333333333             2.377850598549606         8.982978251044789e-03
         1             1.517500000000000             2.072746483297573         1.015179080239265e-02
         2             1.529166666666667             2.074914999919194         1.014296892061407e-02
         3             1.540833333333333             1.682103160572261         1.187294293162570e-02
         4             1.552500000000000             1.814950982620479         1.125713747897261e-02
         5             1.564166666666667             1.484552778651784         1.285151382699826e-02
         6             1.575833333333333             1.401506271880052         1.328659471160262e-02
         7             1.587500000000000             1.379213055301927         1.340587624535905e-02
         8             1.599166666666667             1.168891487222955         1.458527866714039e-02
         9             1.610833333333333             1.025094297436637         1.545082091151970e-02
        10             1.622500000000000             0.892091640987521         1.629704735838979e-02
        11             1.634166666666667             0.869095099777238         1.644799264686207e-02
        12             1.645833333333333             0.618245280342460         1.818816504487768e-02
        13             1.657500000000000             0.570478333461557         1.853982749244663e-02
        14             1.669166666666667             0.501550789744887         1.905929388473754e-02
        15             1.680833333333333             0.416790410583454         1.971807946213755e-02
        16             1.692500000000000             0.428134169558694         1.962860913575984e-02
        17             1.704166666666667             0.256710355461748         2.102502318982283e-02
        18             1.715833333333333             0.224536056039190         2.129798013418535e-02
        19             1.727500000000000             0.267469803644197         2.093452607555095e-02
        20             1.739166666666667             0.140974850598177         2.202355547898349e-02
        21             1.750833333333333             0.183263395184915         2.165331961414131e-02
        22             1.762500000000000             0.105806320734554         2.233627245961179e-02
        23             1.774166666666667             0.156635505597320         2.188571419782635e-02
        24             1.785833333333333            -0.000000000000000         2.330412799283404e-02
        25             1.797500000000000             0.038245721697867         2.294953100843090e-02
        26             1.809166666666667             0.006135980059528         2.324687116028583e-02
        27             1.820833333333333             0.118213695377630         2.222544292930879e-02
        28             1.832500000000000             0.080861170191512         2.256077168707240e-02
        29             1.844166666666667             0.111454341421428         2.228575285266266e-02
        30             1.855833333333333             0.160803165196728         2.184917703829787e-02
        31             1.867500000000000             0.147393470560359         2.196695566255219e-02
        32             1.879166666666667             0.269746718848319         2.091542506370798e-02
        33             1.890833333333333             0.360215017733315         2.017042604813827e-02
        34             1.902500000000000             0.304517923184835         2.062588578462312e-02
        35             1.914166666666667             0.443030913576260         1.951173207989195e-02
        36             1.925833333333333             0.442031135686728         1.951955431704691e-02
        37             1.937500000000000             0.576622904418936         1.849421256087049e-02
        38             1.949166666666667             0.550451619749704         1.868928047225814e-02
        39             1.960833333333333             0.665155867884591         1.784929990292998e-02
        40             1.972500000000000             0.883643516789633         1.635233772537993e-02
        41             1.984166666666667             0.999397018771191         1.561082176672884e-02
        42             1.995833333333333             1.224201120512762         1.426542306816810e-02
        43             2.007500000000000             1.120671492894767         1.486998103407294e-02
        44             2.019166666666667             1.232305214352788         1.421914999056313e-02
        45             2.030833333333333             1.214884009671846         1.431880839042233e-02
        46             2.042500000000000             1.518350377810654         1.267855379253343e-02
        47             2.054166666666667             1.625910055972429         1.214345530054485e-02
        48             2.065833333333333             1.596895685380751         1.228553379430047e-02
        49             2.077500000000000             1.975210721347414         1.055661817840694e-02
        50             2.089166666666667             2.193624841873386         9.671554367648654e-03
        51             2.100833333333333             2.200035113059382         9.646731078037988e-03
        52             2.112500000000000             2.389811023102958         8.940007720065277e-03
        53             2.124166666666667             2.690090756816103         7.926027328674810e-03
        54             2.135833333333333             2.780795989414915         7.642979397676418e-03
        55             2.147500000000000             2.808832635116788         7.557552456418315e-03
        56             2.159166666666667             3.129675177690333         6.645361461041975e-03
        57             2.170833333333333             3.274149860286170         6.271390175314107e-03
        58             2.182500000000000             3.435110586354471         5.879475903927284e-03
        59             2.194166666666667             3.714294255191855         5.256895768769373e-03
        60             2.205833333333333             3.938798296791733         4.804414852997572e-03
        61             2.217500000000000             4.277721576132837         4.194013890562004e-03
        62             2.229166666666667             4.412227964814553         3.973842751435873e-03
        63             2.240833333333333             4.621688130777727         3.653769388681893e-03
        64             2.252500000000000             4.765305945886098         3.449336283217767e-03
        65             2.264166666666667             5.155723250274621         2.949573132235424e-03
        66             2.275833333333333             5.230986626230362         2.861902973207314e-03
        67             2.287500000000000             5.605128018509963         2.463272001893723e-03
        68             2.299166666666667             5.730407707940488         2.342608223710644e-03
        69             2.310833333333333             5.971915657490301         2.126425700455298e-03
        70             2.322500000000000             6.329458485741830         1.842458386963328e-03
        71             2.334166666666667             6.550098594998496         1.686481493871199e-03
        72             2.345833333333333             6.658685833178009         1.614638226848178e-03
        73             2.357500000000000             7.103751921114052         1.350777596226003e-03
        74             2.369166666666667             7.319262086001730         1.238970386905510e-03
        75             2.380833333333333             7.607359349640203         1.103823696346108e-03
        76             2.392500000000000             7.776480834641207         1.031462919318771e-03
        77             2.404166666666667             8.090889464897432         9.093085610509273e-04
        78             2.415833333333333             8.575902772246576         7.486254810934731e-04
        79             2.427500000000000             8.736056124840876         7.020692830347082e-04
        80             2.439166666666667             8.937662829160520         6.475567130741603e-04
        81             2.450833333333333             9.276836517824153         5.652278785365964e-04
        82             2.462500000000000             9.744525205593762         4.685903331479328e-04
        83             2.474166666666667             9.971925197331303         4.277600678042387e-04
        84             2.485833333333333            10.367369517814218         3.650468519656937e-04
        85             2.497500000000000            10.471171391441590         3.501671872555028e-04
        86             2.509166666666667            10.950967694544992         2.888930648831677e-04
        87             2.520833333333333            11.259077836350515         2.553238704991476e-04
        88             2.532500000000000            11.524925742150633         2.295113080087831e-04
        89             2.544166666666667            11.853337571217255         2.011979827533585e-04
        90             2.555833333333333            12.306333743448129         1.677843760666347e-04
        91             2.567500000000000            12.590638538300247         1.497099339172198e-04
        92             2.579166666666667            12.978228098514533         1.281641598501228e-04
        93             2.590833333333333            13.564760293214601         1.013081199179442e-04
        94             2.602500000000000            13.679574446423872         9.675061292009821e-05
        95             2.614166666666667            14.122689043777996         8.100318989512993e-05
        96             2.625833333333333            14.537490517833312         6.859305961052501e-05
        97             2.637500000000000            14.754190219376989         6.288544518774438e-05
        98             2.649166666666667            15.135348465914658         5.397415917112912e-05
        99             2.660833333333333            15.587293087438929         4.502947342039740e-05
       100             2.672500000000000            15.825393570947930         4.092990139391916e-05
       101             2.684166666666667            16.380161465112623         3.276792248105371e-05
       102             2.695833333333333            16.679464374582637         2.906274665219626e-05
       103             2.707500000000000            17.139262834752585         2.417019703222972e-05
       104             2.719166666666667            17.481838163639953         2.106850348527306e-05
       105             2.730833333333333            17.924667822907202         1.764134512107206e-05
       106             2.742500000000000            18.289111617077859         1.524325201912450e-05
       107             2.754166666666667            18.625825572104410         1.331838802095717e-05
       108             2.765833333333333            19.001261262062311         1.145733932380718e-05
       109             2.777500000000000            19.354355769950530         9.945022201750036e-06
       110             2.789166666666667            19.702538410511247         8.649339694842548e-06
       111             2.800833333333333            20.182430337537921         7.135558538887617e-06
       112             2.812500000000000            20.421654319076357         6.483002496656474e-06
       113             2.824166666666667            20.862407365697765         5.432950648780575e-06
       114             2.835833333333333            21.335597956657249         4.494149993391554e-06
       115             2.847500000000000            21.816808651257283         3.705637810489620e-06
       116             2.859166666666667            22.273148482181358         3.086090750163376e-06
       117             2.870833333333333            22.654907143631921         2.648133644523697e-06
       118             2.882500000000000            23.081943976766664         2.231452407806041e-06
       119             2.894166666666667            23.394195721085991         1.968887168581129e-06
       120             2.905833333333333            23.914525339740550         1.598178035059567e-06
       121             2.917500000000000            24.372180746506029         1.330276207717652e-06
       122             2.929166666666667            24.781441834007381         1.128975520743323e-06
       123             2.940833333333333            25.276987305224101         9.255589263877210e-07
       124             2.952500000000000            25.635843706584955         8.015356438010844e-07
       125             2.964166666666667            26.038065912150847         6.821676117422091e-07
       126             2.975833333333333            26.394590309328959         5.913109103754924e-07
       127             2.987500000000000            26.966405707855539         4.701710937770920e-07
       128             2.999166666666667            27.489914722543880         3.811594422131720e-07
       129             3.010833333333333            27.830471585961355         3.325152895386199e-07
       130             3.022500000000000            28.374273253362835         2.673801615216804e-07
       131             3.034166666666667            28.682963450772488         2.362558057155304e-07
       132             3.045833333333333            29.174021529770954         1.940364619334870e-07
       133             3.057500000000000            29.524471092714205         1.686032125902404e-07
       134             3.069166666666667            30.102845376304170         1.337100025681336e-07
       135             3.080833333333333            30.616944331160721         1.088060538890948e-07
       136             3.092500000000000            31.081083118038529         9.033184720090409e-08
       137             3.104166666666667            31.544980470642730         7.500163989142379e-08
       138             3.115833333333333            31.842382968296029         6.657166090973675e-08
       139             3.127500000000000            32.477160058262206         5.161394256862845e-08
       140             3.139166666666667            32.824898795642995         4.489743393758814e-08
       141             3.150833333333333            33.247224313261395         3.790439303649365e-08
       142             3.162500000000000            33.768234299739659         3.075922686905211e-08
       143             3.174166666666667            34.314172022857565         2.471274932571906e-08
       144             3.185833333333333            34.722550529405085         2.098057727732335e-08
       145             3.197500000000000            35.170630434488184         1.753078284810284e-08
       146             3.209166666666667            35.695773050407851         1.420259288211679e-08
       147             3.220833333333333            36.136770877010457         1.190103110296410e-08
       148             3.232500000000000            36.496980512030013         1.030072379675053e-08
       149             3.244166666666667            37.148668325192422         7.932334556743033e-09
       150             3.255833333333333            37.588261448493715         6.650626381188178e-09
       151             3.267500000000000            38.182710030277349         5.240369049237738e-09
       152             3.279166666666667            38.591823400407846         4.447646826112971e-09
       153             3.290833333333333            39.033264127012408         3.726234064666990e-09
       154             3.302500000000000            39.563426713993787         3.012745331297159e-09
       155             3.314166666666667            39.947300109865597         2.583006074462468e-09
       156             3.325833333333333            40.454385409937030         2.107830829207218e-09
       157             3.337500000000000            40.895787022391579         1.765966253742020e-09
       158             3.349166666666667            41.420609241654324         1.430884282305644e-09
       159             3.360833333333333            41.938462883212470         1.162625755409596e-09
       160             3.372500000000000            42.385021390828144         9.720502356566537e-10
       161             3.384166666666667            42.902992251338251         7.897756271338656e-10
       162             3.395833333333333            43.409411974850284         6.446588315735172e-10
       163             3.407500000000000            43.869853638119893         5.359959176503242e-10
       164             3.419166666666667            44.355216928310611         4.412186596265238e-10
       165             3.430833333333333            44.891516203515773         3.558587834767429e-10
       166             3.442500000000000            45.399625985861968         2.902750040184771e-10
       167             3.454166666666667            45.879296015574252         2.394932591594366e-10
       168             3.465833333333333            46.306555226826699         2.017912381455553e-10
       169             3.477500000000000            46.848341908621438         1.623942695529315e-10
       170             3.489166666666667            47.258226445043711         1.377859236190294e-10
       171             3.500833333333333            47.638547148024900         1.183004574283294e-10
       172             3.512500000000000            48.133910507136766         9.699239427958402e-11
       173             3.524166666666667            48.697412653956623         7.737936303809142e-11
       174             3.535833333333333            49.105046225020889         6.571298907880739e-11
       175             3.547500000000000            49.552527163263725         5.492112014948707e-11
       176             3.559166666666667            50.036375817455659         4.523717664296791e-11
       177             3.570833333333333            50.560974902153538         3.665696079667127e-11
       178             3.582500000000000            50.923355023305676         3.170017787857430e-11
       179             3.594166666666667            51.374662277758623         2.645353134940156e-11
       180             3.605833333333333            51.850511072532088         2.185911791923558e-11
       181             3.617500000000000            52.281642510334471         1.838939504012893e-11
       182             3.629166666666667            52.725044806083764         1.539450564910531e-11
       183             3.640833333333333            53.188723501485263         1.278302641004892e-11
       184             3.652500000000000            53.628669137151805         1.071602794269248e-11
       185             3.664166666666667            54.023916319937123         9.145691106476458e-12
       186             3.675833333333333            54.475206730872657         7.632053707998744e-12
       187             3.687500000000000            54.907594973275820         6.417374770627275e-12
       188             3.699166666666667            55.221289658464764         5.658995767086996e-12
       189             3.710833333333333            55.610742497674212         4.840953666896222e-12
       190             3.722500000000000            56.070906295589739         4.025416764564148e-12
       191             3.734166666666667            56.328764060793555         3.630067491372442e-12
       192             3.745833333333333            56.753183148368459         3.062091827603345e-12
       193             3.757500000000000            56.992905214235396         2.781504093327002e-12
       194             3.769166666666667            57.296130340507540         2.463114192156141e-12
       195             3.780833333333333            57.605710065755904         2.175619673388634e-12
       196             3.792500000000000            57.808174900197231         2.006002196899929e-12
       197             3.804166666666667            57.958070844086460         1.889003271428731e-12
       198             3.815833333333333            58.144589437513600         1.752901732111426e-12
       199             3.827500000000000            58.392260593375759         1.587212337370968e-12
       200             3.839166666666667            58.536331864691383         1.498133385183354e-12
       201             3.850833333333333            58.664212775002613         1.423262055602328e-12
       202             3.862500000000000            58.677464493701720         1.415720715358554e-12
       203             3.874166666666667            58.783154914687058         1.356986752963715e-12
       204             3.885833333333333            58.918616115794937         1.285257588847397e-12
       205             3.897500000000000            58.923742116992897         1.282619026902018e-12
       206             3.909166666666667            59.039605338024035         1.224403301499731e-12
       207             3.920833333333333            59.076533523661922         1.206409778876843e-12
       208             3.932500000000000            59.147074318445737         1.172769990513484e-12
       209             3.944166666666667            59.173450099732269         1.160434153661823e-12
       210             3.955833333333333            59.318431299317452         1.094907736523319e-12
       211             3.967500000000000            59.332238223624761         1.088863831458424e-12
       212             3.979166666666667            59.407232630477234         1.056613463392749e-12
       213             3.990833333333333            59.381615632227508         1.067520857090012e-12
       214             4.002500000000000            59.423265291914019         1.049843733255345e-12
       215             4.014166666666667            59.413382387553972         1.054011606385816e-12
       216             4.025833333333333            59.503853146128297         1.016467135198026e-12
       217             4.037500000000000            59.429591402006641         1.047184506428409e-12
       218             4.049166666666667            59.467236666039101         1.031498766251088e-12
       219             4.060833333333333            59.570945944845632         9.894906045423132e-13
       220             4.072500000000000            59.501807313428554         1.017301173813911e-12
       221             4.084166666666667            59.502099647025885         1.017181954281384e-12
       222             4.095833333333333            59.507098601670982         1.015145440684401e-12
       223             4.107500000000000            59.439441240857042         1.043057456577963e-12
       224             4.119166666666667            59.429635181200720         1.047166127010766e-12
       225             4.130833333333333            59.570390932878990         9.897107992756528e-13
       226             4.142500000000000            59.602163518257685         9.771839344108528e-13
       227             4.154166666666667            59.379869194119816         1.068268555061359e-12
       228             4.165833333333333            59.386259893232244         1.065535067055663e-12
       229             4.177500000000000            59.539536927398685         1.002029169286221e-12
       230             4.189166666666667            59.489495150832683         1.022335029538772e-12
       231             4.200833333333333            59.424682144904275         1.049247562458122e-12
       232             4.212500000000000            59.475141468199079         1.028235020450189e-12
       233             4.224166666666667            59.502886592287385         1.016861091567699e-12
       234             4.235833333333333            59.331129914239340         1.089347753784487e-12
       235             4.247500000000000            59.310291659946891         1.098486525351610e-12
       236             4.259166666666667            59.544775687288244         9.999268558825858e-13
       237             4.270833333333333            59.505721184850002         1.015706176318577e-12
       238             4.282500000000000            59.427180232527114         1.048197263902153e-12
       239             4.294166666666667            59.480515835604676         1.026021943351305e-12
       240             4.305833333333333            59.506738522563853         1.015291996185985e-12
       241             4.317500000000000            59.374276661291313         1.070666396874373e-12
       242             4.329166666666667            59.303775169574240         1.101360086892962e-12
       243             4.340833333333333            59.498335460407154         1.018718134318054e-12
       244             4.352500000000000            59.456559691440809         1.035923542724384e-12
       245             4.364166666666667            59.261145443834365         1.120344751108874e-12
       246             4.375833333333333            59.409770844472887         1.055538810990566e-12
       247             4.387500000000000            59.427191228535552         1.048192643053799e-12
       248             4.399166666666667            59.381609025171783         1.067523684765071e-12
       249             4.410833333333333            59.500491426312282         1.017837992134001e-12
       250             4.422500000000000            59.434427373114477         1.045156214042454e-12
       251             4.434166666666667            59.517668795519470         1.010852687357938e-12
       252             4.445833333333333            59.504407341736488         1.016241320210330e-12
       253             4.457500000000000            59.476105500736735         1.027837696496173e-12
       254             4.469166666666667            59.553796494478962         9.963171389941726e-13
       255             4.480833333333333            59.415096649660182         1.053287473989697e-12
       256             4.492500000000000            59.393566291443810         1.062418476417060e-12
       257             4.504166666666667            59.530142630967975         1.005810174691743e-12
       258             4.515833333333333            59.566208178183455         9.913718369265526e-13
       259             4.527500000000000            59.224048990225859         1.137131327735081e-12
       260             4.539166666666667            59.489610851502075         1.022287609311806e-12
       261             4.550833333333333            59.431383455843190         1.046432428492001e-12
       262             4.562500000000000            59.534624899858732         1.004004380016899e-12
       263             4.574166666666667            59.503284546449863         1.016698871482484e-12
       264             4.585833333333333            59.602710534676418         9.769696583532985e-13
       265             4.597500000000000            59.407306821493900         1.056582036199859e-12
       266             4.609166666666667            59.305389570951686         1.100647488391733e-12
       267             4.620833333333333            59.504655081434119         1.016140391325972e-12
       268             4.632500000000000            59.515046661833585         1.011915888855561e-12
       269             4.644166666666667            59.346841223343256         1.082507748202759e-12
       270             4.655833333333333            59.475740724461455         1.027988020200663e-12
       271             4.667500000000000            59.608291992475610         9.747859858787288e-13
       272             4.679166666666667            59.398614824765245         1.060270319520869e-12
       273             4.690833333333333            59.440788018694010         1.042494426572322e-12
       274             4.702500000000000            59.376861889745426         1.069557291916332e-12
       275             4.714166666666667            59.426494640409396         1.048485410244516e-12
       276             4.725833333333333            59.420264798096030         1.051107372836946e-12
       277             4.737500000000000            59.390689000545260         1.063644713607653e-12
       278             4.749166666666667            59.438096717527490         1.043619847388648e-12
       279             4.760833333333333            59.473555240948353         1.028889114928872e-12
       280             4.772500000000000            59.460705756048576         1.034203071291872e-12
       281             4.784166666666667            59.555404284780578         9.956751440131973e-13
       282             4.795833333333333            59.535868284490880         1.003504025931219e-12
       283             4.807500000000000            59.305247547194729         1.100710159329771e-12
       284             4.819166666666667            59.304751240012736         1.100929193226389e-12
       285             4.830833333333333            59.323304379733534         1.092770751256670e-12
       286             4.842500000000000            59.495363545317313         1.019932623834726e-12
       287             4.854166666666667            59.211939697332342         1.142665193357720e-12
       288             4.865833333333333            59.552449007823789         9.968555128645475e-13
       289             4.877500000000000            59.307209681750227         1.099844642446207e-12
       290             4.889166666666667            59.442653867112053         1.041714897593727e-12
       291             4.900833333333333            59.376144663266764         1.069864878504743e-12
       292             4.912500000000000            59.491912381249841         1.021344778145469e-12
       293             4.924166666666667            59.478875510726770         1.026696896948072e-12
       294             4.935833333333333            59.289389094990691         1.107730523892218e-12
       295             4.947500000000000            59.494707111889916         1.020201074142931e-12
       296             4.959166666666667            59.396680595598444         1.061092822569943e-12
       297             4.970833333333333            59.394101246305713         1.062190646490137e-12
       298             4.982500000000000            59.594696871619889         9.801134558658749e-13
       299             4.994166666666667            59.374217267489570         1.070691891289624e-12
